------------ITERATION 1 -----------------

ERROR SUM: 4868.64

1.26e-01 8.84e-01 7.14e+01 2.34e+02 1.37e+02 2.00e+03 1.40e-01 8.18e-01 1.84e+01 1.02e+02 1.66e+02 2.00e+03 1.09e-01 7.40e-01 1.34e+02 1.30e+02 1.42e+02 2.01e+03 9.60e+36 


-3.0610e+01 1.5773e+01 3.4125e+01 -3.6675e+01 2.7132e+01 -3.8373e+01 5.3014e-01 3.4966e+01 2.4006e+01 -2.4136e+01 1.6760e+01 -3.8883e+01 -7.8089e+00 7.4379e+00 7.5581e+00 -6.9957e+00 -4.6012e+00 -4.7067e+00 6.2822e+01 


1.00e+00 -2.57e-02 -6.71e-01 5.83e-01 1.03e-01 4.11e-01 0.00e+00 0.00e+00 0.00e+00 0.00e+00 0.00e+00 0.00e+00 0.00e+00 0.00e+00 0.00e+00 0.00e+00 0.00e+00 0.00e+00 -4.99e-01 
-2.57e-02 1.00e+00 4.99e-01 -6.03e-01 6.72e-01 -5.45e-01 0.00e+00 0.00e+00 0.00e+00 0.00e+00 0.00e+00 0.00e+00 0.00e+00 0.00e+00 0.00e+00 0.00e+00 0.00e+00 0.00e+00 2.07e-01 
-6.71e-01 4.99e-01 1.00e+00 -9.81e-01 5.07e-01 -5.64e-01 0.00e+00 0.00e+00 0.00e+00 0.00e+00 0.00e+00 0.00e+00 0.00e+00 0.00e+00 0.00e+00 0.00e+00 0.00e+00 0.00e+00 5.08e-01 
5.83e-01 -6.03e-01 -9.81e-01 1.00e+00 -6.50e-01 6.57e-01 0.00e+00 0.00e+00 0.00e+00 0.00e+00 0.00e+00 0.00e+00 0.00e+00 0.00e+00 0.00e+00 0.00e+00 0.00e+00 0.00e+00 -5.40e-01 
1.03e-01 6.72e-01 5.07e-01 -6.50e-01 1.00e+00 -6.23e-01 0.00e+00 0.00e+00 0.00e+00 0.00e+00 0.00e+00 0.00e+00 0.00e+00 0.00e+00 0.00e+00 0.00e+00 0.00e+00 0.00e+00 3.73e-01 
4.11e-01 -5.45e-01 -5.64e-01 6.57e-01 -6.23e-01 1.00e+00 0.00e+00 0.00e+00 0.00e+00 0.00e+00 0.00e+00 0.00e+00 0.00e+00 0.00e+00 0.00e+00 0.00e+00 0.00e+00 0.00e+00 -5.42e-01 
0.00e+00 0.00e+00 0.00e+00 0.00e+00 0.00e+00 0.00e+00 1.00e+00 5.56e-02 -6.14e-01 6.05e-01 -1.26e-01 9.73e-02 0.00e+00 0.00e+00 0.00e+00 0.00e+00 0.00e+00 0.00e+00 -1.25e-01 
0.00e+00 0.00e+00 0.00e+00 0.00e+00 0.00e+00 0.00e+00 5.56e-02 1.00e+00 6.57e-01 -6.63e-01 1.71e-01 -8.75e-01 0.00e+00 0.00e+00 0.00e+00 0.00e+00 0.00e+00 0.00e+00 5.47e-01 
0.00e+00 0.00e+00 0.00e+00 0.00e+00 0.00e+00 0.00e+00 -6.14e-01 6.57e-01 1.00e+00 -1.00e+00 5.13e-01 -6.03e-01 0.00e+00 0.00e+00 0.00e+00 0.00e+00 0.00e+00 0.00e+00 4.50e-01 
0.00e+00 0.00e+00 0.00e+00 0.00e+00 0.00e+00 0.00e+00 6.05e-01 -6.63e-01 -1.00e+00 1.00e+00 -5.16e-01 6.03e-01 0.00e+00 0.00e+00 0.00e+00 0.00e+00 0.00e+00 0.00e+00 -4.51e-01 
0.00e+00 0.00e+00 0.00e+00 0.00e+00 0.00e+00 0.00e+00 -1.26e-01 1.71e-01 5.13e-01 -5.16e-01 1.00e+00 -2.32e-01 0.00e+00 0.00e+00 0.00e+00 0.00e+00 0.00e+00 0.00e+00 2.57e-01 
0.00e+00 0.00e+00 0.00e+00 0.00e+00 0.00e+00 0.00e+00 9.73e-02 -8.75e-01 -6.03e-01 6.03e-01 -2.32e-01 1.00e+00 0.00e+00 0.00e+00 0.00e+00 0.00e+00 0.00e+00 0.00e+00 -6.36e-01 
0.00e+00 0.00e+00 0.00e+00 0.00e+00 0.00e+00 0.00e+00 0.00e+00 0.00e+00 0.00e+00 0.00e+00 0.00e+00 0.00e+00 1.00e+00 -7.08e-01 -8.69e-01 8.57e-01 8.25e-01 5.07e-01 -1.33e-01 
0.00e+00 0.00e+00 0.00e+00 0.00e+00 0.00e+00 0.00e+00 0.00e+00 0.00e+00 0.00e+00 0.00e+00 0.00e+00 0.00e+00 -7.08e-01 1.00e+00 6.47e-01 -5.78e-01 -3.71e-01 -4.61e-01 1.21e-01 
0.00e+00 0.00e+00 0.00e+00 0.00e+00 0.00e+00 0.00e+00 0.00e+00 0.00e+00 0.00e+00 0.00e+00 0.00e+00 0.00e+00 -8.69e-01 6.47e-01 1.00e+00 -9.94e-01 -8.04e-01 -6.41e-01 1.30e-01 
0.00e+00 0.00e+00 0.00e+00 0.00e+00 0.00e+00 0.00e+00 0.00e+00 0.00e+00 0.00e+00 0.00e+00 0.00e+00 0.00e+00 8.57e-01 -5.78e-01 -9.94e-01 1.00e+00 8.32e-01 6.38e-01 -1.24e-01 
0.00e+00 0.00e+00 0.00e+00 0.00e+00 0.00e+00 0.00e+00 0.00e+00 0.00e+00 0.00e+00 0.00e+00 0.00e+00 0.00e+00 8.25e-01 -3.71e-01 -8.04e-01 8.32e-01 1.00e+00 3.05e-01 -8.62e-02 
0.00e+00 0.00e+00 0.00e+00 0.00e+00 0.00e+00 0.00e+00 0.00e+00 0.00e+00 0.00e+00 0.00e+00 0.00e+00 0.00e+00 5.07e-01 -4.61e-01 -6.41e-01 6.38e-01 3.05e-01 1.00e+00 -7.88e-02 
-4.99e-01 2.07e-01 5.08e-01 -5.40e-01 3.73e-01 -5.42e-01 -1.25e-01 5.47e-01 4.50e-01 -4.51e-01 2.57e-01 -6.36e-01 -1.33e-01 1.21e-01 1.30e-01 -1.24e-01 -8.62e-02 -7.88e-02 1.00e+00 


------------ITERATION 2 -----------------

ERROR SUM: 3400.04

1.26e-01 8.84e-01 7.11e+01 2.34e+02 1.37e+02 2.00e+03 1.40e-01 8.19e-01 1.98e+01 1.03e+02 1.67e+02 2.00e+03 1.09e-01 7.42e-01 1.32e+02 1.29e+02 1.42e+02 2.01e+03 9.38e+36 


-2.4705e+01 1.3216e+01 2.7363e+01 -2.9365e+01 2.1612e+01 -3.0539e+01 1.6231e-01 2.7972e+01 1.9331e+01 -1.9463e+01 1.5143e+01 -3.1112e+01 -6.2476e+00 5.9892e+00 6.0257e+00 -5.5705e+00 -3.5566e+00 -3.7632e+00 5.0344e+01 


1.00e+00 -4.46e-02 -6.81e-01 5.90e-01 9.33e-02 4.01e-01 0.00e+00 0.00e+00 0.00e+00 0.00e+00 0.00e+00 0.00e+00 0.00e+00 0.00e+00 0.00e+00 0.00e+00 0.00e+00 0.00e+00 -4.86e-01 
-4.46e-02 1.00e+00 5.14e-01 -6.18e-01 6.78e-01 -5.56e-01 0.00e+00 0.00e+00 0.00e+00 0.00e+00 0.00e+00 0.00e+00 0.00e+00 0.00e+00 0.00e+00 0.00e+00 0.00e+00 0.00e+00 2.23e-01 
-6.81e-01 5.14e-01 1.00e+00 -9.81e-01 5.13e-01 -5.58e-01 0.00e+00 0.00e+00 0.00e+00 0.00e+00 0.00e+00 0.00e+00 0.00e+00 0.00e+00 0.00e+00 0.00e+00 0.00e+00 0.00e+00 5.08e-01 
5.90e-01 -6.18e-01 -9.81e-01 1.00e+00 -6.56e-01 6.53e-01 0.00e+00 0.00e+00 0.00e+00 0.00e+00 0.00e+00 0.00e+00 0.00e+00 0.00e+00 0.00e+00 0.00e+00 0.00e+00 0.00e+00 -5.42e-01 
9.33e-02 6.78e-01 5.13e-01 -6.56e-01 1.00e+00 -6.29e-01 0.00e+00 0.00e+00 0.00e+00 0.00e+00 0.00e+00 0.00e+00 0.00e+00 0.00e+00 0.00e+00 0.00e+00 0.00e+00 0.00e+00 3.83e-01 
4.01e-01 -5.56e-01 -5.58e-01 6.53e-01 -6.29e-01 1.00e+00 0.00e+00 0.00e+00 0.00e+00 0.00e+00 0.00e+00 0.00e+00 0.00e+00 0.00e+00 0.00e+00 0.00e+00 0.00e+00 0.00e+00 -5.37e-01 
0.00e+00 0.00e+00 0.00e+00 0.00e+00 0.00e+00 0.00e+00 1.00e+00 4.42e-02 -6.17e-01 6.07e-01 -1.49e-01 9.22e-02 0.00e+00 0.00e+00 0.00e+00 0.00e+00 0.00e+00 0.00e+00 -1.19e-01 
0.00e+00 0.00e+00 0.00e+00 0.00e+00 0.00e+00 0.00e+00 4.42e-02 1.00e+00 6.64e-01 -6.70e-01 2.66e-01 -8.77e-01 0.00e+00 0.00e+00 0.00e+00 0.00e+00 0.00e+00 0.00e+00 5.57e-01 
0.00e+00 0.00e+00 0.00e+00 0.00e+00 0.00e+00 0.00e+00 -6.17e-01 6.64e-01 1.00e+00 -1.00e+00 5.91e-01 -5.99e-01 0.00e+00 0.00e+00 0.00e+00 0.00e+00 0.00e+00 0.00e+00 4.52e-01 
0.00e+00 0.00e+00 0.00e+00 0.00e+00 0.00e+00 0.00e+00 6.07e-01 -6.70e-01 -1.00e+00 1.00e+00 -5.94e-01 6.01e-01 0.00e+00 0.00e+00 0.00e+00 0.00e+00 0.00e+00 0.00e+00 -4.54e-01 
0.00e+00 0.00e+00 0.00e+00 0.00e+00 0.00e+00 0.00e+00 -1.49e-01 2.66e-01 5.91e-01 -5.94e-01 1.00e+00 -2.91e-01 0.00e+00 0.00e+00 0.00e+00 0.00e+00 0.00e+00 0.00e+00 2.98e-01 
0.00e+00 0.00e+00 0.00e+00 0.00e+00 0.00e+00 0.00e+00 9.22e-02 -8.77e-01 -5.99e-01 6.01e-01 -2.91e-01 1.00e+00 0.00e+00 0.00e+00 0.00e+00 0.00e+00 0.00e+00 0.00e+00 -6.42e-01 
0.00e+00 0.00e+00 0.00e+00 0.00e+00 0.00e+00 0.00e+00 0.00e+00 0.00e+00 0.00e+00 0.00e+00 0.00e+00 0.00e+00 1.00e+00 -7.19e-01 -8.71e-01 8.58e-01 8.18e-01 5.06e-01 -1.33e-01 
0.00e+00 0.00e+00 0.00e+00 0.00e+00 0.00e+00 0.00e+00 0.00e+00 0.00e+00 0.00e+00 0.00e+00 0.00e+00 0.00e+00 -7.19e-01 1.00e+00 6.55e-01 -5.88e-01 -3.68e-01 -4.62e-01 1.23e-01 
0.00e+00 0.00e+00 0.00e+00 0.00e+00 0.00e+00 0.00e+00 0.00e+00 0.00e+00 0.00e+00 0.00e+00 0.00e+00 0.00e+00 -8.71e-01 6.55e-01 1.00e+00 -9.94e-01 -7.97e-01 -6.37e-01 1.31e-01 
0.00e+00 0.00e+00 0.00e+00 0.00e+00 0.00e+00 0.00e+00 0.00e+00 0.00e+00 0.00e+00 0.00e+00 0.00e+00 0.00e+00 8.58e-01 -5.88e-01 -9.94e-01 1.00e+00 8.25e-01 6.36e-01 -1.24e-01 
0.00e+00 0.00e+00 0.00e+00 0.00e+00 0.00e+00 0.00e+00 0.00e+00 0.00e+00 0.00e+00 0.00e+00 0.00e+00 0.00e+00 8.18e-01 -3.68e-01 -7.97e-01 8.25e-01 1.00e+00 2.97e-01 -8.43e-02 
0.00e+00 0.00e+00 0.00e+00 0.00e+00 0.00e+00 0.00e+00 0.00e+00 0.00e+00 0.00e+00 0.00e+00 0.00e+00 0.00e+00 5.06e-01 -4.62e-01 -6.37e-01 6.36e-01 2.97e-01 1.00e+00 -7.87e-02 
-4.86e-01 2.23e-01 5.08e-01 -5.42e-01 3.83e-01 -5.37e-01 -1.19e-01 5.57e-01 4.52e-01 -4.54e-01 2.98e-01 -6.42e-01 -1.33e-01 1.23e-01 1.31e-01 -1.24e-01 -8.43e-02 -7.87e-02 1.00e+00 


------------ITERATION 3 -----------------

ERROR SUM: 2461.51

1.26e-01 8.84e-01 7.09e+01 2.34e+02 1.37e+02 2.00e+03 1.39e-01 8.20e-01 2.03e+01 1.04e+02 1.67e+02 2.00e+03 1.09e-01 7.44e-01 1.31e+02 1.28e+02 1.42e+02 2.01e+03 9.20e+36 


-1.9907e+01 1.0964e+01 2.1929e+01 -2.3506e+01 1.7231e+01 -2.4325e+01 -3.7502e-02 2.2369e+01 1.5539e+01 -1.5645e+01 1.2485e+01 -2.4882e+01 -4.9967e+00 4.8148e+00 4.8067e+00 -4.4383e+00 -2.7556e+00 -3.0110e+00 4.0304e+01 


1.00e+00 -6.06e-02 -6.88e-01 5.96e-01 8.48e-02 3.92e-01 0.00e+00 0.00e+00 0.00e+00 0.00e+00 0.00e+00 0.00e+00 0.00e+00 0.00e+00 0.00e+00 0.00e+00 0.00e+00 0.00e+00 -4.76e-01 
-6.06e-02 1.00e+00 5.27e-01 -6.30e-01 6.83e-01 -5.65e-01 0.00e+00 0.00e+00 0.00e+00 0.00e+00 0.00e+00 0.00e+00 0.00e+00 0.00e+00 0.00e+00 0.00e+00 0.00e+00 0.00e+00 2.35e-01 
-6.88e-01 5.27e-01 1.00e+00 -9.81e-01 5.17e-01 -5.54e-01 0.00e+00 0.00e+00 0.00e+00 0.00e+00 0.00e+00 0.00e+00 0.00e+00 0.00e+00 0.00e+00 0.00e+00 0.00e+00 0.00e+00 5.08e-01 
5.96e-01 -6.30e-01 -9.81e-01 1.00e+00 -6.62e-01 6.51e-01 0.00e+00 0.00e+00 0.00e+00 0.00e+00 0.00e+00 0.00e+00 0.00e+00 0.00e+00 0.00e+00 0.00e+00 0.00e+00 0.00e+00 -5.43e-01 
8.48e-02 6.83e-01 5.17e-01 -6.62e-01 1.00e+00 -6.33e-01 0.00e+00 0.00e+00 0.00e+00 0.00e+00 0.00e+00 0.00e+00 0.00e+00 0.00e+00 0.00e+00 0.00e+00 0.00e+00 0.00e+00 3.90e-01 
3.92e-01 -5.65e-01 -5.54e-01 6.51e-01 -6.33e-01 1.00e+00 0.00e+00 0.00e+00 0.00e+00 0.00e+00 0.00e+00 0.00e+00 0.00e+00 0.00e+00 0.00e+00 0.00e+00 0.00e+00 0.00e+00 -5.33e-01 
0.00e+00 0.00e+00 0.00e+00 0.00e+00 0.00e+00 0.00e+00 1.00e+00 3.52e-02 -6.19e-01 6.10e-01 -1.56e-01 8.87e-02 0.00e+00 0.00e+00 0.00e+00 0.00e+00 0.00e+00 0.00e+00 -1.14e-01 
0.00e+00 0.00e+00 0.00e+00 0.00e+00 0.00e+00 0.00e+00 3.52e-02 1.00e+00 6.69e-01 -6.75e-01 2.95e-01 -8.79e-01 0.00e+00 0.00e+00 0.00e+00 0.00e+00 0.00e+00 0.00e+00 5.64e-01 
0.00e+00 0.00e+00 0.00e+00 0.00e+00 0.00e+00 0.00e+00 -6.19e-01 6.69e-01 1.00e+00 -1.00e+00 6.12e-01 -5.98e-01 0.00e+00 0.00e+00 0.00e+00 0.00e+00 0.00e+00 0.00e+00 4.54e-01 
0.00e+00 0.00e+00 0.00e+00 0.00e+00 0.00e+00 0.00e+00 6.10e-01 -6.75e-01 -1.00e+00 1.00e+00 -6.14e-01 6.00e-01 0.00e+00 0.00e+00 0.00e+00 0.00e+00 0.00e+00 0.00e+00 -4.56e-01 
0.00e+00 0.00e+00 0.00e+00 0.00e+00 0.00e+00 0.00e+00 -1.56e-01 2.95e-01 6.12e-01 -6.14e-01 1.00e+00 -3.08e-01 0.00e+00 0.00e+00 0.00e+00 0.00e+00 0.00e+00 0.00e+00 3.12e-01 
0.00e+00 0.00e+00 0.00e+00 0.00e+00 0.00e+00 0.00e+00 8.87e-02 -8.79e-01 -5.98e-01 6.00e-01 -3.08e-01 1.00e+00 0.00e+00 0.00e+00 0.00e+00 0.00e+00 0.00e+00 0.00e+00 -6.47e-01 
0.00e+00 0.00e+00 0.00e+00 0.00e+00 0.00e+00 0.00e+00 0.00e+00 0.00e+00 0.00e+00 0.00e+00 0.00e+00 0.00e+00 1.00e+00 -7.27e-01 -8.72e-01 8.58e-01 8.12e-01 5.04e-01 -1.33e-01 
0.00e+00 0.00e+00 0.00e+00 0.00e+00 0.00e+00 0.00e+00 0.00e+00 0.00e+00 0.00e+00 0.00e+00 0.00e+00 0.00e+00 -7.27e-01 1.00e+00 6.61e-01 -5.95e-01 -3.64e-01 -4.64e-01 1.24e-01 
0.00e+00 0.00e+00 0.00e+00 0.00e+00 0.00e+00 0.00e+00 0.00e+00 0.00e+00 0.00e+00 0.00e+00 0.00e+00 0.00e+00 -8.72e-01 6.61e-01 1.00e+00 -9.94e-01 -7.91e-01 -6.34e-01 1.31e-01 
0.00e+00 0.00e+00 0.00e+00 0.00e+00 0.00e+00 0.00e+00 0.00e+00 0.00e+00 0.00e+00 0.00e+00 0.00e+00 0.00e+00 8.58e-01 -5.95e-01 -9.94e-01 1.00e+00 8.18e-01 6.35e-01 -1.24e-01 
0.00e+00 0.00e+00 0.00e+00 0.00e+00 0.00e+00 0.00e+00 0.00e+00 0.00e+00 0.00e+00 0.00e+00 0.00e+00 0.00e+00 8.12e-01 -3.64e-01 -7.91e-01 8.18e-01 1.00e+00 2.90e-01 -8.25e-02 
0.00e+00 0.00e+00 0.00e+00 0.00e+00 0.00e+00 0.00e+00 0.00e+00 0.00e+00 0.00e+00 0.00e+00 0.00e+00 0.00e+00 5.04e-01 -4.64e-01 -6.34e-01 6.35e-01 2.90e-01 1.00e+00 -7.86e-02 
-4.76e-01 2.35e-01 5.08e-01 -5.43e-01 3.90e-01 -5.33e-01 -1.14e-01 5.64e-01 4.54e-01 -4.56e-01 3.12e-01 -6.47e-01 -1.33e-01 1.24e-01 1.31e-01 -1.24e-01 -8.25e-02 -7.86e-02 1.00e+00 


------------ITERATION 4 -----------------

ERROR SUM: 1861.81

1.26e-01 8.84e-01 7.07e+01 2.34e+02 1.37e+02 2.00e+03 1.39e-01 8.21e-01 2.04e+01 1.04e+02 1.68e+02 2.00e+03 1.09e-01 7.46e-01 1.31e+02 1.27e+02 1.42e+02 2.01e+03 9.06e+36 


-1.6020e+01 9.0248e+00 1.7568e+01 -1.8813e+01 1.3747e+01 -1.9391e+01 -1.3983e-01 1.7886e+01 1.2477e+01 -1.2558e+01 1.0062e+01 -1.9896e+01 -3.9951e+00 3.8657e+00 3.8362e+00 -3.5379e+00 -2.1400e+00 -2.4108e+00 3.2250e+01 


1.00e+00 -7.38e-02 -6.95e-01 6.01e-01 7.76e-02 3.85e-01 0.00e+00 0.00e+00 0.00e+00 0.00e+00 0.00e+00 0.00e+00 0.00e+00 0.00e+00 0.00e+00 0.00e+00 0.00e+00 0.00e+00 -4.68e-01 
-7.38e-02 1.00e+00 5.37e-01 -6.41e-01 6.87e-01 -5.71e-01 0.00e+00 0.00e+00 0.00e+00 0.00e+00 0.00e+00 0.00e+00 0.00e+00 0.00e+00 0.00e+00 0.00e+00 0.00e+00 0.00e+00 2.46e-01 
-6.95e-01 5.37e-01 1.00e+00 -9.80e-01 5.21e-01 -5.50e-01 0.00e+00 0.00e+00 0.00e+00 0.00e+00 0.00e+00 0.00e+00 0.00e+00 0.00e+00 0.00e+00 0.00e+00 0.00e+00 0.00e+00 5.08e-01 
6.01e-01 -6.41e-01 -9.80e-01 1.00e+00 -6.66e-01 6.48e-01 0.00e+00 0.00e+00 0.00e+00 0.00e+00 0.00e+00 0.00e+00 0.00e+00 0.00e+00 0.00e+00 0.00e+00 0.00e+00 0.00e+00 -5.44e-01 
7.76e-02 6.87e-01 5.21e-01 -6.66e-01 1.00e+00 -6.37e-01 0.00e+00 0.00e+00 0.00e+00 0.00e+00 0.00e+00 0.00e+00 0.00e+00 0.00e+00 0.00e+00 0.00e+00 0.00e+00 0.00e+00 3.97e-01 
3.85e-01 -5.71e-01 -5.50e-01 6.48e-01 -6.37e-01 1.00e+00 0.00e+00 0.00e+00 0.00e+00 0.00e+00 0.00e+00 0.00e+00 0.00e+00 0.00e+00 0.00e+00 0.00e+00 0.00e+00 0.00e+00 -5.30e-01 
0.00e+00 0.00e+00 0.00e+00 0.00e+00 0.00e+00 0.00e+00 1.00e+00 2.78e-02 -6.20e-01 6.12e-01 -1.59e-01 8.62e-02 0.00e+00 0.00e+00 0.00e+00 0.00e+00 0.00e+00 0.00e+00 -1.11e-01 
0.00e+00 0.00e+00 0.00e+00 0.00e+00 0.00e+00 0.00e+00 2.78e-02 1.00e+00 6.74e-01 -6.79e-01 3.05e-01 -8.80e-01 0.00e+00 0.00e+00 0.00e+00 0.00e+00 0.00e+00 0.00e+00 5.70e-01 
0.00e+00 0.00e+00 0.00e+00 0.00e+00 0.00e+00 0.00e+00 -6.20e-01 6.74e-01 1.00e+00 -1.00e+00 6.18e-01 -5.96e-01 0.00e+00 0.00e+00 0.00e+00 0.00e+00 0.00e+00 0.00e+00 4.56e-01 
0.00e+00 0.00e+00 0.00e+00 0.00e+00 0.00e+00 0.00e+00 6.12e-01 -6.79e-01 -1.00e+00 1.00e+00 -6.21e-01 5.98e-01 0.00e+00 0.00e+00 0.00e+00 0.00e+00 0.00e+00 0.00e+00 -4.57e-01 
0.00e+00 0.00e+00 0.00e+00 0.00e+00 0.00e+00 0.00e+00 -1.59e-01 3.05e-01 6.18e-01 -6.21e-01 1.00e+00 -3.13e-01 0.00e+00 0.00e+00 0.00e+00 0.00e+00 0.00e+00 0.00e+00 3.17e-01 
0.00e+00 0.00e+00 0.00e+00 0.00e+00 0.00e+00 0.00e+00 8.62e-02 -8.80e-01 -5.96e-01 5.98e-01 -3.13e-01 1.00e+00 0.00e+00 0.00e+00 0.00e+00 0.00e+00 0.00e+00 0.00e+00 -6.51e-01 
0.00e+00 0.00e+00 0.00e+00 0.00e+00 0.00e+00 0.00e+00 0.00e+00 0.00e+00 0.00e+00 0.00e+00 0.00e+00 0.00e+00 1.00e+00 -7.34e-01 -8.73e-01 8.58e-01 8.06e-01 5.03e-01 -1.33e-01 
0.00e+00 0.00e+00 0.00e+00 0.00e+00 0.00e+00 0.00e+00 0.00e+00 0.00e+00 0.00e+00 0.00e+00 0.00e+00 0.00e+00 -7.34e-01 1.00e+00 6.67e-01 -6.02e-01 -3.60e-01 -4.65e-01 1.24e-01 
0.00e+00 0.00e+00 0.00e+00 0.00e+00 0.00e+00 0.00e+00 0.00e+00 0.00e+00 0.00e+00 0.00e+00 0.00e+00 0.00e+00 -8.73e-01 6.67e-01 1.00e+00 -9.94e-01 -7.85e-01 -6.31e-01 1.31e-01 
0.00e+00 0.00e+00 0.00e+00 0.00e+00 0.00e+00 0.00e+00 0.00e+00 0.00e+00 0.00e+00 0.00e+00 0.00e+00 0.00e+00 8.58e-01 -6.02e-01 -9.94e-01 1.00e+00 8.12e-01 6.34e-01 -1.24e-01 
0.00e+00 0.00e+00 0.00e+00 0.00e+00 0.00e+00 0.00e+00 0.00e+00 0.00e+00 0.00e+00 0.00e+00 0.00e+00 0.00e+00 8.06e-01 -3.60e-01 -7.85e-01 8.12e-01 1.00e+00 2.83e-01 -8.08e-02 
0.00e+00 0.00e+00 0.00e+00 0.00e+00 0.00e+00 0.00e+00 0.00e+00 0.00e+00 0.00e+00 0.00e+00 0.00e+00 0.00e+00 5.03e-01 -4.65e-01 -6.31e-01 6.34e-01 2.83e-01 1.00e+00 -7.85e-02 
-4.68e-01 2.46e-01 5.08e-01 -5.44e-01 3.97e-01 -5.30e-01 -1.11e-01 5.70e-01 4.56e-01 -4.57e-01 3.17e-01 -6.51e-01 -1.33e-01 1.24e-01 1.31e-01 -1.24e-01 -8.08e-02 -7.85e-02 1.00e+00 


------------ITERATION 5 -----------------

ERROR SUM: 1478.57

1.26e-01 8.84e-01 7.06e+01 2.34e+02 1.37e+02 2.00e+03 1.39e-01 8.22e-01 2.05e+01 1.04e+02 1.68e+02 2.00e+03 1.09e-01 7.47e-01 1.30e+02 1.26e+02 1.42e+02 2.01e+03 8.95e+36 


-1.2878e+01 7.3838e+00 1.4071e+01 -1.5055e+01 1.0974e+01 -1.5467e+01 -1.8365e-01 1.4301e+01 1.0010e+01 -1.0071e+01 8.0594e+00 -1.5909e+01 -3.1936e+00 3.1004e+00 3.0628e+00 -2.8212e+00 -1.6661e+00 -1.9314e+00 2.5798e+01 


1.00e+00 -8.48e-02 -7.00e-01 6.05e-01 7.15e-02 3.80e-01 0.00e+00 0.00e+00 0.00e+00 0.00e+00 0.00e+00 0.00e+00 0.00e+00 0.00e+00 0.00e+00 0.00e+00 0.00e+00 0.00e+00 -4.62e-01 
-8.48e-02 1.00e+00 5.45e-01 -6.49e-01 6.91e-01 -5.77e-01 0.00e+00 0.00e+00 0.00e+00 0.00e+00 0.00e+00 0.00e+00 0.00e+00 0.00e+00 0.00e+00 0.00e+00 0.00e+00 0.00e+00 2.54e-01 
-7.00e-01 5.45e-01 1.00e+00 -9.80e-01 5.24e-01 -5.47e-01 0.00e+00 0.00e+00 0.00e+00 0.00e+00 0.00e+00 0.00e+00 0.00e+00 0.00e+00 0.00e+00 0.00e+00 0.00e+00 0.00e+00 5.08e-01 
6.05e-01 -6.49e-01 -9.80e-01 1.00e+00 -6.69e-01 6.47e-01 0.00e+00 0.00e+00 0.00e+00 0.00e+00 0.00e+00 0.00e+00 0.00e+00 0.00e+00 0.00e+00 0.00e+00 0.00e+00 0.00e+00 -5.44e-01 
7.15e-02 6.91e-01 5.24e-01 -6.69e-01 1.00e+00 -6.39e-01 0.00e+00 0.00e+00 0.00e+00 0.00e+00 0.00e+00 0.00e+00 0.00e+00 0.00e+00 0.00e+00 0.00e+00 0.00e+00 0.00e+00 4.02e-01 
3.80e-01 -5.77e-01 -5.47e-01 6.47e-01 -6.39e-01 1.00e+00 0.00e+00 0.00e+00 0.00e+00 0.00e+00 0.00e+00 0.00e+00 0.00e+00 0.00e+00 0.00e+00 0.00e+00 0.00e+00 0.00e+00 -5.28e-01 
0.00e+00 0.00e+00 0.00e+00 0.00e+00 0.00e+00 0.00e+00 1.00e+00 2.19e-02 -6.22e-01 6.13e-01 -1.61e-01 8.42e-02 0.00e+00 0.00e+00 0.00e+00 0.00e+00 0.00e+00 0.00e+00 -1.08e-01 
0.00e+00 0.00e+00 0.00e+00 0.00e+00 0.00e+00 0.00e+00 2.19e-02 1.00e+00 6.77e-01 -6.83e-01 3.10e-01 -8.81e-01 0.00e+00 0.00e+00 0.00e+00 0.00e+00 0.00e+00 0.00e+00 5.75e-01 
0.00e+00 0.00e+00 0.00e+00 0.00e+00 0.00e+00 0.00e+00 -6.22e-01 6.77e-01 1.00e+00 -1.00e+00 6.20e-01 -5.95e-01 0.00e+00 0.00e+00 0.00e+00 0.00e+00 0.00e+00 0.00e+00 4.57e-01 
0.00e+00 0.00e+00 0.00e+00 0.00e+00 0.00e+00 0.00e+00 6.13e-01 -6.83e-01 -1.00e+00 1.00e+00 -6.23e-01 5.97e-01 0.00e+00 0.00e+00 0.00e+00 0.00e+00 0.00e+00 0.00e+00 -4.59e-01 
0.00e+00 0.00e+00 0.00e+00 0.00e+00 0.00e+00 0.00e+00 -1.61e-01 3.10e-01 6.20e-01 -6.23e-01 1.00e+00 -3.15e-01 0.00e+00 0.00e+00 0.00e+00 0.00e+00 0.00e+00 0.00e+00 3.20e-01 
0.00e+00 0.00e+00 0.00e+00 0.00e+00 0.00e+00 0.00e+00 8.42e-02 -8.81e-01 -5.95e-01 5.97e-01 -3.15e-01 1.00e+00 0.00e+00 0.00e+00 0.00e+00 0.00e+00 0.00e+00 0.00e+00 -6.54e-01 
0.00e+00 0.00e+00 0.00e+00 0.00e+00 0.00e+00 0.00e+00 0.00e+00 0.00e+00 0.00e+00 0.00e+00 0.00e+00 0.00e+00 1.00e+00 -7.39e-01 -8.73e-01 8.59e-01 8.00e-01 5.02e-01 -1.33e-01 
0.00e+00 0.00e+00 0.00e+00 0.00e+00 0.00e+00 0.00e+00 0.00e+00 0.00e+00 0.00e+00 0.00e+00 0.00e+00 0.00e+00 -7.39e-01 1.00e+00 6.71e-01 -6.07e-01 -3.57e-01 -4.65e-01 1.25e-01 
0.00e+00 0.00e+00 0.00e+00 0.00e+00 0.00e+00 0.00e+00 0.00e+00 0.00e+00 0.00e+00 0.00e+00 0.00e+00 0.00e+00 -8.73e-01 6.71e-01 1.00e+00 -9.94e-01 -7.80e-01 -6.29e-01 1.31e-01 
0.00e+00 0.00e+00 0.00e+00 0.00e+00 0.00e+00 0.00e+00 0.00e+00 0.00e+00 0.00e+00 0.00e+00 0.00e+00 0.00e+00 8.59e-01 -6.07e-01 -9.94e-01 1.00e+00 8.07e-01 6.33e-01 -1.24e-01 
0.00e+00 0.00e+00 0.00e+00 0.00e+00 0.00e+00 0.00e+00 0.00e+00 0.00e+00 0.00e+00 0.00e+00 0.00e+00 0.00e+00 8.00e-01 -3.57e-01 -7.80e-01 8.07e-01 1.00e+00 2.78e-01 -7.93e-02 
0.00e+00 0.00e+00 0.00e+00 0.00e+00 0.00e+00 0.00e+00 0.00e+00 0.00e+00 0.00e+00 0.00e+00 0.00e+00 0.00e+00 5.02e-01 -4.65e-01 -6.29e-01 6.33e-01 2.78e-01 1.00e+00 -7.83e-02 
-4.62e-01 2.54e-01 5.08e-01 -5.44e-01 4.02e-01 -5.28e-01 -1.08e-01 5.75e-01 4.57e-01 -4.59e-01 3.20e-01 -6.54e-01 -1.33e-01 1.25e-01 1.31e-01 -1.24e-01 -7.93e-02 -7.83e-02 1.00e+00 


------------ITERATION 6 -----------------

ERROR SUM: 1233.58

1.26e-01 8.83e-01 7.05e+01 2.33e+02 1.37e+02 2.00e+03 1.39e-01 8.22e-01 2.06e+01 1.04e+02 1.68e+02 2.00e+03 1.09e-01 7.48e-01 1.29e+02 1.25e+02 1.42e+02 2.01e+03 8.86e+36 


-1.0343e+01 6.0128e+00 1.1267e+01 -1.2047e+01 8.7632e+00 -1.2345e+01 -1.9357e-01 1.1435e+01 8.0256e+00 -8.0724e+00 6.4463e+00 -1.2721e+01 -2.5525e+00 2.4846e+00 2.4462e+00 -2.2502e+00 -1.3002e+00 -1.5482e+00 2.0635e+01 


1.00e+00 -9.38e-02 -7.04e-01 6.08e-01 6.65e-02 3.76e-01 0.00e+00 0.00e+00 0.00e+00 0.00e+00 0.00e+00 0.00e+00 0.00e+00 0.00e+00 0.00e+00 0.00e+00 0.00e+00 0.00e+00 -4.57e-01 
-9.38e-02 1.00e+00 5.52e-01 -6.55e-01 6.93e-01 -5.81e-01 0.00e+00 0.00e+00 0.00e+00 0.00e+00 0.00e+00 0.00e+00 0.00e+00 0.00e+00 0.00e+00 0.00e+00 0.00e+00 0.00e+00 2.60e-01 
-7.04e-01 5.52e-01 1.00e+00 -9.80e-01 5.26e-01 -5.45e-01 0.00e+00 0.00e+00 0.00e+00 0.00e+00 0.00e+00 0.00e+00 0.00e+00 0.00e+00 0.00e+00 0.00e+00 0.00e+00 0.00e+00 5.08e-01 
6.08e-01 -6.55e-01 -9.80e-01 1.00e+00 -6.72e-01 6.45e-01 0.00e+00 0.00e+00 0.00e+00 0.00e+00 0.00e+00 0.00e+00 0.00e+00 0.00e+00 0.00e+00 0.00e+00 0.00e+00 0.00e+00 -5.45e-01 
6.65e-02 6.93e-01 5.26e-01 -6.72e-01 1.00e+00 -6.41e-01 0.00e+00 0.00e+00 0.00e+00 0.00e+00 0.00e+00 0.00e+00 0.00e+00 0.00e+00 0.00e+00 0.00e+00 0.00e+00 0.00e+00 4.06e-01 
3.76e-01 -5.81e-01 -5.45e-01 6.45e-01 -6.41e-01 1.00e+00 0.00e+00 0.00e+00 0.00e+00 0.00e+00 0.00e+00 0.00e+00 0.00e+00 0.00e+00 0.00e+00 0.00e+00 0.00e+00 0.00e+00 -5.26e-01 
0.00e+00 0.00e+00 0.00e+00 0.00e+00 0.00e+00 0.00e+00 1.00e+00 1.70e-02 -6.23e-01 6.15e-01 -1.62e-01 8.27e-02 0.00e+00 0.00e+00 0.00e+00 0.00e+00 0.00e+00 0.00e+00 -1.06e-01 
0.00e+00 0.00e+00 0.00e+00 0.00e+00 0.00e+00 0.00e+00 1.70e-02 1.00e+00 6.80e-01 -6.85e-01 3.13e-01 -8.82e-01 0.00e+00 0.00e+00 0.00e+00 0.00e+00 0.00e+00 0.00e+00 5.78e-01 
0.00e+00 0.00e+00 0.00e+00 0.00e+00 0.00e+00 0.00e+00 -6.23e-01 6.80e-01 1.00e+00 -1.00e+00 6.21e-01 -5.94e-01 0.00e+00 0.00e+00 0.00e+00 0.00e+00 0.00e+00 0.00e+00 4.58e-01 
0.00e+00 0.00e+00 0.00e+00 0.00e+00 0.00e+00 0.00e+00 6.15e-01 -6.85e-01 -1.00e+00 1.00e+00 -6.24e-01 5.97e-01 0.00e+00 0.00e+00 0.00e+00 0.00e+00 0.00e+00 0.00e+00 -4.60e-01 
0.00e+00 0.00e+00 0.00e+00 0.00e+00 0.00e+00 0.00e+00 -1.62e-01 3.13e-01 6.21e-01 -6.24e-01 1.00e+00 -3.15e-01 0.00e+00 0.00e+00 0.00e+00 0.00e+00 0.00e+00 0.00e+00 3.22e-01 
0.00e+00 0.00e+00 0.00e+00 0.00e+00 0.00e+00 0.00e+00 8.27e-02 -8.82e-01 -5.94e-01 5.97e-01 -3.15e-01 1.00e+00 0.00e+00 0.00e+00 0.00e+00 0.00e+00 0.00e+00 0.00e+00 -6.56e-01 
0.00e+00 0.00e+00 0.00e+00 0.00e+00 0.00e+00 0.00e+00 0.00e+00 0.00e+00 0.00e+00 0.00e+00 0.00e+00 0.00e+00 1.00e+00 -7.43e-01 -8.74e-01 8.59e-01 7.95e-01 5.01e-01 -1.33e-01 
0.00e+00 0.00e+00 0.00e+00 0.00e+00 0.00e+00 0.00e+00 0.00e+00 0.00e+00 0.00e+00 0.00e+00 0.00e+00 0.00e+00 -7.43e-01 1.00e+00 6.74e-01 -6.11e-01 -3.53e-01 -4.66e-01 1.25e-01 
0.00e+00 0.00e+00 0.00e+00 0.00e+00 0.00e+00 0.00e+00 0.00e+00 0.00e+00 0.00e+00 0.00e+00 0.00e+00 0.00e+00 -8.74e-01 6.74e-01 1.00e+00 -9.94e-01 -7.75e-01 -6.27e-01 1.31e-01 
0.00e+00 0.00e+00 0.00e+00 0.00e+00 0.00e+00 0.00e+00 0.00e+00 0.00e+00 0.00e+00 0.00e+00 0.00e+00 0.00e+00 8.59e-01 -6.11e-01 -9.94e-01 1.00e+00 8.02e-01 6.32e-01 -1.24e-01 
0.00e+00 0.00e+00 0.00e+00 0.00e+00 0.00e+00 0.00e+00 0.00e+00 0.00e+00 0.00e+00 0.00e+00 0.00e+00 0.00e+00 7.95e-01 -3.53e-01 -7.75e-01 8.02e-01 1.00e+00 2.73e-01 -7.79e-02 
0.00e+00 0.00e+00 0.00e+00 0.00e+00 0.00e+00 0.00e+00 0.00e+00 0.00e+00 0.00e+00 0.00e+00 0.00e+00 0.00e+00 5.01e-01 -4.66e-01 -6.27e-01 6.32e-01 2.73e-01 1.00e+00 -7.82e-02 
-4.57e-01 2.60e-01 5.08e-01 -5.45e-01 4.06e-01 -5.26e-01 -1.06e-01 5.78e-01 4.58e-01 -4.60e-01 3.22e-01 -6.56e-01 -1.33e-01 1.25e-01 1.31e-01 -1.24e-01 -7.79e-02 -7.82e-02 1.00e+00 


------------ITERATION 7 -----------------

ERROR SUM: 1076.92

1.26e-01 8.83e-01 7.04e+01 2.33e+02 1.37e+02 2.00e+03 1.39e-01 8.22e-01 2.07e+01 1.04e+02 1.68e+02 2.00e+03 1.09e-01 7.49e-01 1.29e+02 1.25e+02 1.42e+02 2.01e+03 8.79e+36 


-8.3021e+00 4.8784e+00 9.0208e+00 -9.6401e+00 7.0005e+00 -9.8577e+00 -1.8504e-01 9.1444e+00 6.4315e+00 -6.4675e+00 5.1546e+00 -1.0173e+01 -2.0398e+00 1.9896e+00 1.9542e+00 -1.7951e+00 -1.0171e+00 -1.2415e+00 1.6505e+01 


1.00e+00 -1.01e-01 -7.07e-01 6.10e-01 6.24e-02 3.73e-01 0.00e+00 0.00e+00 0.00e+00 0.00e+00 0.00e+00 0.00e+00 0.00e+00 0.00e+00 0.00e+00 0.00e+00 0.00e+00 0.00e+00 -4.53e-01 
-1.01e-01 1.00e+00 5.57e-01 -6.61e-01 6.96e-01 -5.85e-01 0.00e+00 0.00e+00 0.00e+00 0.00e+00 0.00e+00 0.00e+00 0.00e+00 0.00e+00 0.00e+00 0.00e+00 0.00e+00 0.00e+00 2.66e-01 
-7.07e-01 5.57e-01 1.00e+00 -9.80e-01 5.28e-01 -5.43e-01 0.00e+00 0.00e+00 0.00e+00 0.00e+00 0.00e+00 0.00e+00 0.00e+00 0.00e+00 0.00e+00 0.00e+00 0.00e+00 0.00e+00 5.07e-01 
6.10e-01 -6.61e-01 -9.80e-01 1.00e+00 -6.74e-01 6.44e-01 0.00e+00 0.00e+00 0.00e+00 0.00e+00 0.00e+00 0.00e+00 0.00e+00 0.00e+00 0.00e+00 0.00e+00 0.00e+00 0.00e+00 -5.45e-01 
6.24e-02 6.96e-01 5.28e-01 -6.74e-01 1.00e+00 -6.43e-01 0.00e+00 0.00e+00 0.00e+00 0.00e+00 0.00e+00 0.00e+00 0.00e+00 0.00e+00 0.00e+00 0.00e+00 0.00e+00 0.00e+00 4.09e-01 
3.73e-01 -5.85e-01 -5.43e-01 6.44e-01 -6.43e-01 1.00e+00 0.00e+00 0.00e+00 0.00e+00 0.00e+00 0.00e+00 0.00e+00 0.00e+00 0.00e+00 0.00e+00 0.00e+00 0.00e+00 0.00e+00 -5.25e-01 
0.00e+00 0.00e+00 0.00e+00 0.00e+00 0.00e+00 0.00e+00 1.00e+00 1.31e-02 -6.24e-01 6.16e-01 -1.63e-01 8.15e-02 0.00e+00 0.00e+00 0.00e+00 0.00e+00 0.00e+00 0.00e+00 -1.04e-01 
0.00e+00 0.00e+00 0.00e+00 0.00e+00 0.00e+00 0.00e+00 1.31e-02 1.00e+00 6.82e-01 -6.87e-01 3.15e-01 -8.82e-01 0.00e+00 0.00e+00 0.00e+00 0.00e+00 0.00e+00 0.00e+00 5.81e-01 
0.00e+00 0.00e+00 0.00e+00 0.00e+00 0.00e+00 0.00e+00 -6.24e-01 6.82e-01 1.00e+00 -1.00e+00 6.22e-01 -5.94e-01 0.00e+00 0.00e+00 0.00e+00 0.00e+00 0.00e+00 0.00e+00 4.59e-01 
0.00e+00 0.00e+00 0.00e+00 0.00e+00 0.00e+00 0.00e+00 6.16e-01 -6.87e-01 -1.00e+00 1.00e+00 -6.24e-01 5.96e-01 0.00e+00 0.00e+00 0.00e+00 0.00e+00 0.00e+00 0.00e+00 -4.60e-01 
0.00e+00 0.00e+00 0.00e+00 0.00e+00 0.00e+00 0.00e+00 -1.63e-01 3.15e-01 6.22e-01 -6.24e-01 1.00e+00 -3.16e-01 0.00e+00 0.00e+00 0.00e+00 0.00e+00 0.00e+00 0.00e+00 3.24e-01 
0.00e+00 0.00e+00 0.00e+00 0.00e+00 0.00e+00 0.00e+00 8.15e-02 -8.82e-01 -5.94e-01 5.96e-01 -3.16e-01 1.00e+00 0.00e+00 0.00e+00 0.00e+00 0.00e+00 0.00e+00 0.00e+00 -6.58e-01 
0.00e+00 0.00e+00 0.00e+00 0.00e+00 0.00e+00 0.00e+00 0.00e+00 0.00e+00 0.00e+00 0.00e+00 0.00e+00 0.00e+00 1.00e+00 -7.47e-01 -8.74e-01 8.59e-01 7.91e-01 5.00e-01 -1.33e-01 
0.00e+00 0.00e+00 0.00e+00 0.00e+00 0.00e+00 0.00e+00 0.00e+00 0.00e+00 0.00e+00 0.00e+00 0.00e+00 0.00e+00 -7.47e-01 1.00e+00 6.77e-01 -6.14e-01 -3.49e-01 -4.66e-01 1.26e-01 
0.00e+00 0.00e+00 0.00e+00 0.00e+00 0.00e+00 0.00e+00 0.00e+00 0.00e+00 0.00e+00 0.00e+00 0.00e+00 0.00e+00 -8.74e-01 6.77e-01 1.00e+00 -9.94e-01 -7.71e-01 -6.25e-01 1.30e-01 
0.00e+00 0.00e+00 0.00e+00 0.00e+00 0.00e+00 0.00e+00 0.00e+00 0.00e+00 0.00e+00 0.00e+00 0.00e+00 0.00e+00 8.59e-01 -6.14e-01 -9.94e-01 1.00e+00 7.97e-01 6.31e-01 -1.24e-01 
0.00e+00 0.00e+00 0.00e+00 0.00e+00 0.00e+00 0.00e+00 0.00e+00 0.00e+00 0.00e+00 0.00e+00 0.00e+00 0.00e+00 7.91e-01 -3.49e-01 -7.71e-01 7.97e-01 1.00e+00 2.69e-01 -7.67e-02 
0.00e+00 0.00e+00 0.00e+00 0.00e+00 0.00e+00 0.00e+00 0.00e+00 0.00e+00 0.00e+00 0.00e+00 0.00e+00 0.00e+00 5.00e-01 -4.66e-01 -6.25e-01 6.31e-01 2.69e-01 1.00e+00 -7.80e-02 
-4.53e-01 2.66e-01 5.07e-01 -5.45e-01 4.09e-01 -5.25e-01 -1.04e-01 5.81e-01 4.59e-01 -4.60e-01 3.24e-01 -6.58e-01 -1.33e-01 1.26e-01 1.30e-01 -1.24e-01 -7.67e-02 -7.80e-02 1.00e+00 


------------ITERATION 8 -----------------

ERROR SUM: 976.703

1.26e-01 8.83e-01 7.03e+01 2.33e+02 1.37e+02 2.00e+03 1.39e-01 8.23e-01 2.07e+01 1.04e+02 1.69e+02 2.00e+03 1.09e-01 7.50e-01 1.28e+02 1.24e+02 1.42e+02 2.01e+03 8.74e+36 


-6.6600e+00 3.9466e+00 7.2215e+00 -7.7137e+00 5.5940e+00 -7.8748e+00 -1.6748e-01 7.3128e+00 5.1521e+00 -5.1799e+00 4.1217e+00 -8.1353e+00 -1.6298e+00 1.5924e+00 1.5616e+00 -1.4323e+00 -7.9754e-01 -9.9612e-01 1.3201e+01 


1.00e+00 -1.07e-01 -7.09e-01 6.13e-01 5.90e-02 3.70e-01 0.00e+00 0.00e+00 0.00e+00 0.00e+00 0.00e+00 0.00e+00 0.00e+00 0.00e+00 0.00e+00 0.00e+00 0.00e+00 0.00e+00 -4.49e-01 
-1.07e-01 1.00e+00 5.61e-01 -6.65e-01 6.98e-01 -5.87e-01 0.00e+00 0.00e+00 0.00e+00 0.00e+00 0.00e+00 0.00e+00 0.00e+00 0.00e+00 0.00e+00 0.00e+00 0.00e+00 0.00e+00 2.70e-01 
-7.09e-01 5.61e-01 1.00e+00 -9.80e-01 5.30e-01 -5.42e-01 0.00e+00 0.00e+00 0.00e+00 0.00e+00 0.00e+00 0.00e+00 0.00e+00 0.00e+00 0.00e+00 0.00e+00 0.00e+00 0.00e+00 5.07e-01 
6.13e-01 -6.65e-01 -9.80e-01 1.00e+00 -6.76e-01 6.43e-01 0.00e+00 0.00e+00 0.00e+00 0.00e+00 0.00e+00 0.00e+00 0.00e+00 0.00e+00 0.00e+00 0.00e+00 0.00e+00 0.00e+00 -5.45e-01 
5.90e-02 6.98e-01 5.30e-01 -6.76e-01 1.00e+00 -6.45e-01 0.00e+00 0.00e+00 0.00e+00 0.00e+00 0.00e+00 0.00e+00 0.00e+00 0.00e+00 0.00e+00 0.00e+00 0.00e+00 0.00e+00 4.11e-01 
3.70e-01 -5.87e-01 -5.42e-01 6.43e-01 -6.45e-01 1.00e+00 0.00e+00 0.00e+00 0.00e+00 0.00e+00 0.00e+00 0.00e+00 0.00e+00 0.00e+00 0.00e+00 0.00e+00 0.00e+00 0.00e+00 -5.24e-01 
0.00e+00 0.00e+00 0.00e+00 0.00e+00 0.00e+00 0.00e+00 1.00e+00 9.92e-03 -6.24e-01 6.17e-01 -1.64e-01 8.06e-02 0.00e+00 0.00e+00 0.00e+00 0.00e+00 0.00e+00 0.00e+00 -1.02e-01 
0.00e+00 0.00e+00 0.00e+00 0.00e+00 0.00e+00 0.00e+00 9.92e-03 1.00e+00 6.84e-01 -6.89e-01 3.17e-01 -8.83e-01 0.00e+00 0.00e+00 0.00e+00 0.00e+00 0.00e+00 0.00e+00 5.84e-01 
0.00e+00 0.00e+00 0.00e+00 0.00e+00 0.00e+00 0.00e+00 -6.24e-01 6.84e-01 1.00e+00 -1.00e+00 6.22e-01 -5.93e-01 0.00e+00 0.00e+00 0.00e+00 0.00e+00 0.00e+00 0.00e+00 4.60e-01 
0.00e+00 0.00e+00 0.00e+00 0.00e+00 0.00e+00 0.00e+00 6.17e-01 -6.89e-01 -1.00e+00 1.00e+00 -6.25e-01 5.95e-01 0.00e+00 0.00e+00 0.00e+00 0.00e+00 0.00e+00 0.00e+00 -4.61e-01 
0.00e+00 0.00e+00 0.00e+00 0.00e+00 0.00e+00 0.00e+00 -1.64e-01 3.17e-01 6.22e-01 -6.25e-01 1.00e+00 -3.16e-01 0.00e+00 0.00e+00 0.00e+00 0.00e+00 0.00e+00 0.00e+00 3.25e-01 
0.00e+00 0.00e+00 0.00e+00 0.00e+00 0.00e+00 0.00e+00 8.06e-02 -8.83e-01 -5.93e-01 5.95e-01 -3.16e-01 1.00e+00 0.00e+00 0.00e+00 0.00e+00 0.00e+00 0.00e+00 0.00e+00 -6.60e-01 
0.00e+00 0.00e+00 0.00e+00 0.00e+00 0.00e+00 0.00e+00 0.00e+00 0.00e+00 0.00e+00 0.00e+00 0.00e+00 0.00e+00 1.00e+00 -7.50e-01 -8.75e-01 8.59e-01 7.87e-01 4.99e-01 -1.33e-01 
0.00e+00 0.00e+00 0.00e+00 0.00e+00 0.00e+00 0.00e+00 0.00e+00 0.00e+00 0.00e+00 0.00e+00 0.00e+00 0.00e+00 -7.50e-01 1.00e+00 6.79e-01 -6.17e-01 -3.46e-01 -4.66e-01 1.26e-01 
0.00e+00 0.00e+00 0.00e+00 0.00e+00 0.00e+00 0.00e+00 0.00e+00 0.00e+00 0.00e+00 0.00e+00 0.00e+00 0.00e+00 -8.75e-01 6.79e-01 1.00e+00 -9.94e-01 -7.67e-01 -6.24e-01 1.30e-01 
0.00e+00 0.00e+00 0.00e+00 0.00e+00 0.00e+00 0.00e+00 0.00e+00 0.00e+00 0.00e+00 0.00e+00 0.00e+00 0.00e+00 8.59e-01 -6.17e-01 -9.94e-01 1.00e+00 7.94e-01 6.31e-01 -1.24e-01 
0.00e+00 0.00e+00 0.00e+00 0.00e+00 0.00e+00 0.00e+00 0.00e+00 0.00e+00 0.00e+00 0.00e+00 0.00e+00 0.00e+00 7.87e-01 -3.46e-01 -7.67e-01 7.94e-01 1.00e+00 2.66e-01 -7.56e-02 
0.00e+00 0.00e+00 0.00e+00 0.00e+00 0.00e+00 0.00e+00 0.00e+00 0.00e+00 0.00e+00 0.00e+00 0.00e+00 0.00e+00 4.99e-01 -4.66e-01 -6.24e-01 6.31e-01 2.66e-01 1.00e+00 -7.79e-02 
-4.49e-01 2.70e-01 5.07e-01 -5.45e-01 4.11e-01 -5.24e-01 -1.02e-01 5.84e-01 4.60e-01 -4.61e-01 3.25e-01 -6.60e-01 -1.33e-01 1.26e-01 1.30e-01 -1.24e-01 -7.56e-02 -7.79e-02 1.00e+00 


------------ITERATION 9 -----------------

ERROR SUM: 912.581

1.26e-01 8.83e-01 7.03e+01 2.33e+02 1.37e+02 2.00e+03 1.39e-01 8.23e-01 2.07e+01 1.04e+02 1.69e+02 2.00e+03 1.09e-01 7.50e-01 1.28e+02 1.24e+02 1.42e+02 2.01e+03 8.69e+36 


-5.3403e+00 3.1855e+00 5.7806e+00 -6.1722e+00 4.4711e+00 -6.2929e+00 -1.4648e-01 5.8483e+00 4.1259e+00 -4.1475e+00 3.2959e+00 -6.5062e+00 -1.3021e+00 1.2738e+00 1.2481e+00 -1.1428e+00 -6.2681e-01 -7.9955e-01 1.0559e+01 


1.00e+00 -1.12e-01 -7.12e-01 6.14e-01 5.63e-02 3.68e-01 0.00e+00 0.00e+00 0.00e+00 0.00e+00 0.00e+00 0.00e+00 0.00e+00 0.00e+00 0.00e+00 0.00e+00 0.00e+00 0.00e+00 -4.47e-01 
-1.12e-01 1.00e+00 5.65e-01 -6.69e-01 6.99e-01 -5.89e-01 0.00e+00 0.00e+00 0.00e+00 0.00e+00 0.00e+00 0.00e+00 0.00e+00 0.00e+00 0.00e+00 0.00e+00 0.00e+00 0.00e+00 2.74e-01 
-7.12e-01 5.65e-01 1.00e+00 -9.80e-01 5.31e-01 -5.40e-01 0.00e+00 0.00e+00 0.00e+00 0.00e+00 0.00e+00 0.00e+00 0.00e+00 0.00e+00 0.00e+00 0.00e+00 0.00e+00 0.00e+00 5.07e-01 
6.14e-01 -6.69e-01 -9.80e-01 1.00e+00 -6.78e-01 6.42e-01 0.00e+00 0.00e+00 0.00e+00 0.00e+00 0.00e+00 0.00e+00 0.00e+00 0.00e+00 0.00e+00 0.00e+00 0.00e+00 0.00e+00 -5.45e-01 
5.63e-02 6.99e-01 5.31e-01 -6.78e-01 1.00e+00 -6.46e-01 0.00e+00 0.00e+00 0.00e+00 0.00e+00 0.00e+00 0.00e+00 0.00e+00 0.00e+00 0.00e+00 0.00e+00 0.00e+00 0.00e+00 4.14e-01 
3.68e-01 -5.89e-01 -5.40e-01 6.42e-01 -6.46e-01 1.00e+00 0.00e+00 0.00e+00 0.00e+00 0.00e+00 0.00e+00 0.00e+00 0.00e+00 0.00e+00 0.00e+00 0.00e+00 0.00e+00 0.00e+00 -5.23e-01 
0.00e+00 0.00e+00 0.00e+00 0.00e+00 0.00e+00 0.00e+00 1.00e+00 7.36e-03 -6.25e-01 6.18e-01 -1.65e-01 7.99e-02 0.00e+00 0.00e+00 0.00e+00 0.00e+00 0.00e+00 0.00e+00 -1.01e-01 
0.00e+00 0.00e+00 0.00e+00 0.00e+00 0.00e+00 0.00e+00 7.36e-03 1.00e+00 6.86e-01 -6.90e-01 3.18e-01 -8.83e-01 0.00e+00 0.00e+00 0.00e+00 0.00e+00 0.00e+00 0.00e+00 5.86e-01 
0.00e+00 0.00e+00 0.00e+00 0.00e+00 0.00e+00 0.00e+00 -6.25e-01 6.86e-01 1.00e+00 -1.00e+00 6.22e-01 -5.93e-01 0.00e+00 0.00e+00 0.00e+00 0.00e+00 0.00e+00 0.00e+00 4.60e-01 
0.00e+00 0.00e+00 0.00e+00 0.00e+00 0.00e+00 0.00e+00 6.18e-01 -6.90e-01 -1.00e+00 1.00e+00 -6.25e-01 5.95e-01 0.00e+00 0.00e+00 0.00e+00 0.00e+00 0.00e+00 0.00e+00 -4.62e-01 
0.00e+00 0.00e+00 0.00e+00 0.00e+00 0.00e+00 0.00e+00 -1.65e-01 3.18e-01 6.22e-01 -6.25e-01 1.00e+00 -3.17e-01 0.00e+00 0.00e+00 0.00e+00 0.00e+00 0.00e+00 0.00e+00 3.26e-01 
0.00e+00 0.00e+00 0.00e+00 0.00e+00 0.00e+00 0.00e+00 7.99e-02 -8.83e-01 -5.93e-01 5.95e-01 -3.17e-01 1.00e+00 0.00e+00 0.00e+00 0.00e+00 0.00e+00 0.00e+00 0.00e+00 -6.61e-01 
0.00e+00 0.00e+00 0.00e+00 0.00e+00 0.00e+00 0.00e+00 0.00e+00 0.00e+00 0.00e+00 0.00e+00 0.00e+00 0.00e+00 1.00e+00 -7.52e-01 -8.75e-01 8.59e-01 7.84e-01 4.99e-01 -1.33e-01 
0.00e+00 0.00e+00 0.00e+00 0.00e+00 0.00e+00 0.00e+00 0.00e+00 0.00e+00 0.00e+00 0.00e+00 0.00e+00 0.00e+00 -7.52e-01 1.00e+00 6.80e-01 -6.19e-01 -3.42e-01 -4.66e-01 1.26e-01 
0.00e+00 0.00e+00 0.00e+00 0.00e+00 0.00e+00 0.00e+00 0.00e+00 0.00e+00 0.00e+00 0.00e+00 0.00e+00 0.00e+00 -8.75e-01 6.80e-01 1.00e+00 -9.94e-01 -7.64e-01 -6.23e-01 1.30e-01 
0.00e+00 0.00e+00 0.00e+00 0.00e+00 0.00e+00 0.00e+00 0.00e+00 0.00e+00 0.00e+00 0.00e+00 0.00e+00 0.00e+00 8.59e-01 -6.19e-01 -9.94e-01 1.00e+00 7.90e-01 6.30e-01 -1.24e-01 
0.00e+00 0.00e+00 0.00e+00 0.00e+00 0.00e+00 0.00e+00 0.00e+00 0.00e+00 0.00e+00 0.00e+00 0.00e+00 0.00e+00 7.84e-01 -3.42e-01 -7.64e-01 7.90e-01 1.00e+00 2.62e-01 -7.46e-02 
0.00e+00 0.00e+00 0.00e+00 0.00e+00 0.00e+00 0.00e+00 0.00e+00 0.00e+00 0.00e+00 0.00e+00 0.00e+00 0.00e+00 4.99e-01 -4.66e-01 -6.23e-01 6.30e-01 2.62e-01 1.00e+00 -7.78e-02 
-4.47e-01 2.74e-01 5.07e-01 -5.45e-01 4.14e-01 -5.23e-01 -1.01e-01 5.86e-01 4.60e-01 -4.62e-01 3.26e-01 -6.61e-01 -1.33e-01 1.26e-01 1.30e-01 -1.24e-01 -7.46e-02 -7.78e-02 1.00e+00 


